Number of predictions: 10000
Number of labels: 10000
Number of tasks: 10000
Unique predicted classes: [0, 1, 2, 3, 4, 5, 6, 7, 8, 9]
Unique true classes: [0, 1, 2, 3, 4, 5, 6, 7, 8, 9]
Unique predicted tasks: [0, 1, 2, 3, 4]
[0, 4, 3, 4, 0, 0, 4, 8, 4, 4]
[4, 5, 5, 4, 4, 4, 4, 4, 5, 5]
[0, 2, 1, 2, 0, 0, 2, 4, 2, 2]
              precision    recall  f1-score   support

           0     0.2991    0.7100    0.4209      1000
           1     0.8013    0.7180    0.7574      1000
           2     0.5697    0.1920    0.2872      1000
           3     0.5258    0.3560    0.4246      1000
           4     0.1983    0.3700    0.2582      1000
           5     0.0000    0.0000    0.0000      1000
           6     0.6578    0.5690    0.6102      1000
           7     0.7679    0.4500    0.5675      1000
           8     0.5891    0.6580    0.6216      1000
           9     0.5767    0.7330    0.6455      1000

    accuracy                         0.4756     10000
   macro avg     0.4986    0.4756    0.4593     10000
weighted avg     0.4986    0.4756    0.4593     10000
